YPR:45 0 -45
RL:0.707106781187 -0.5 -0.5 0.707106781187 0.5 0.5 0.0 -0.707106781187 0.707106781187
RC:0.707106781187 0.707106781187 0.0 -0.5 0.5 -0.707106781187 -0.5 0.5 0.707106781187
