RL:-0.8447142754701764 -0.3571377259788717 -0.39863572030054495 -0.4888996872538849 0.21179336082548417 0.8462391317549075 -0.21779552020174245 0.9097231540380216 -0.35350939787672675
RL:-0.5136807069770539 0.8509741293768674 0.10943108521273104 -0.07933822899125813 -0.17411085961985862 0.9815247597401529 0.854305318197238 0.49550826400143566 0.15695216980404997
RL:-0.7819988434464511 -0.5441860332800896 -0.30387393772960103 -0.0014180004974731965 -0.4859855128024272 0.8739657147856263 -0.6232782670068012 0.6838710715690807 0.37926845287731975
RL:0.0013086270157907087 -0.9990824606775088 0.04280799296751553 0.8693775838290214 -0.020016813156316454 -0.49374279126553094 0.49414664243617606 0.03786243465017047 0.8685537011672999
RL:0.9376270482189946 -0.27467933862786836 0.21308866553407127 0.10886281143948423 -0.350134563538373 -0.9303519096026435 0.33015815412257465 0.8955205460215586 -0.2983932722425625
RL:-0.8050528782106074 -0.2926979490840387 -0.5159629578630771 -0.5920899931039565 0.3432255307902332 0.729126652290204 -0.036322215667200355 0.8924820141693393 -0.44961822809275076
RL:0.40322592324611883 0.9146435612168868 -0.028913850432024324 0.10586427860679232 -0.07800851312175938 -0.991316007333482 -0.9089563297196285 0.39666336836796895 -0.12828313551515158
